   #Year  #nTC    #nUC    #Qc    #Au    uCmt/Au    size/nTC    delta/nTC 
1  2003    18   15     0.83     4      3.75      284.17       9.06
2  2004    3373   3259     0.97     23      141.70      830.52       7.33
3  2005    3036   2965     0.98     19      156.05      906.06       7.69
4  2006    2202   2172     0.99     33      65.82      735.08       4.95
5  2007    1861   1822     0.98     40      45.55      566.12       4.37
6  2008    1785   1763     0.99     39      45.21      751.48       5.86
7  2009    1507   1481     0.98     32      46.28      1316.25       5.66
8  2010    1170   1150     0.98     30      38.33      1099.89       6.37
9  2011    958   944     0.99     31      30.45      829.13       5.88
10 2012    1338   1307     0.98     25      52.28      636.52       6.02
11 2013    1369   1333     0.97     28      47.61      833.33       6.62
12 2014    1887   1805     0.96     41      44.02      431.37       4.00
